(19, 4)	1	22355	22357	1013501	1013502	1013503	1013522	1048612	
(1, 3)	2	22361	1015790	1024856	1032609	1032610	
(1, 4)	3	22363	1015789	1016896	1024395	1027085	1040770	1040771	
(16, 10)	4	22369	28356	32178	1013954	1018304	1026550	1026944	1028395	1028564	1034794	1051005	
(16, 9)	5	22371	22375	1001234	1001235	1011537	1014158	1015879	1025757	1028394	1033389	1066635	
(18, 16)	6	22397	1015461	1027942	1032241	
(20, 6)	7	24509	1010092	1010130	
(6, 7)	8	27764	27883	28367	28407	28526	1002946	1002951	1002954	1002971	1003484	1003528	1003529	1003551	1003556	1003577	1003578	1003602	1003618	1003619	1003628	1003630	1003635	1003636	1003638	1003639	1003743	1003787	1004082	1004240	1004241	1004367	1004378	1004385	1004386	1004388	1004389	1004391	1004392	1004393	1004396	1004397	1004398	1004399	1004401	1004402	1004405	1004406	1004408	1004416	1004417	1004428	1004434	1004605	1004607	1005154	1005420	1005431	1005500	1005501	1005502	1005503	1005504	1005508	1005509	1005510	1005511	1005514	1005515	1005517	1005520	1005521	1005523	1005524	1006302	1006921	1007112	1007312	1007313	1007423	1007519	1007713	1007724	1007759	1007902	1007917	1008153	1008260	1008261	1008970	1008971	1009297	1009298	1009299	1009308	1009637	1009648	1010171	1010172	1010173	1010174	1010179	1010257	1010448	1010628	1010655	1011096	1011097	1011098	1011101	1011102	1011103	1011104	1011105	1011106	1011107	1011108	1011109	1011121	1011134	1011149	1011152	1011153	1011156	1011158	1011362	1011363	1011500	1011501	1011503	1011505	1011514	1011521	1011522	1011523	1011526	1011527	1011534	1012109	1012110	1012112	1012113	1012114	1012115	1012116	1012117	1012118	1012119	1012121	1012122	1012123	1012124	1012215	1012217	1012218	1012219	1012220	1012222	1012223	1012225	1012226	1012227	1012228	1012229	1012230	1012240	1012241	1012242	1012243	1012244	1012246	1012249	1012251	1012253	1012266	1012585	1012991	1012992	1012993	1012994	1012999	1013000	1013003	1013004	1013005	1013006	1013007	1013008	1013010	1013011	1013013	1013014	1013015	1013016	1013017	1013031	1013032	1013034	1013037	1013038	1013039	1013049	1013740	1013742	1013743	1013745	1013746	1013747	1013748	1013749	1013752	1013756	1013758	1013759	1013760	1013762	1013861	1013862	1013863	1013867	1013868	1013871	1013872	1013873	1013874	1013876	1013877	1013879	1013880	1013881	1013887	1013892	1013893	1013895	1013898	1013899	1013908	1013909	1013943	1014173	1014175	1014176	1014186	1014194	1014195	1014196	1014206	1014216	1014217	1014223	1014224	1014226	1014227	1014230	1014231	1014238	1014239	1014247	1014250	1014253	1014257	1014258	1014260	1014267	1014268	1014269	1014275	1014279	1014283	1014284	1014286	1014290	1014292	1014294	1014296	1014300	1014303	1014319	1014379	1014382	1014383	1014384	1014385	1014386	1014387	1014388	1014389	1014392	1014500	1014503	1014506	1014507	1014508	1014509	1014510	1014512	1014513	1014519	1014520	1014521	1014530	1014532	1014533	1014536	1014539	1014542	1014556	1014561	1014563	1014632	1014671	1015293	1015294	1015295	1015296	1015297	1015298	1015299	1015300	1015301	1015302	1015303	1015304	1015305	1015306	1015307	1015308	1015309	1015310	1015311	1015312	1015313	1015314	1015315	1015316	1015318	1015319	1015320	1015321	1015322	1015323	1015324	1015325	1015326	1015327	1015328	1015329	1015331	1015332	1015333	1015334	1015337	1015339	1015340	1015341	1015342	1016127	1016686	1019117	1019124	1021516	1021587	1024984	1024985	1024986	1024987	1024988	1025021	1025249	1025251	1026075	1026076	1026077	1026487	1026492	1026494	1026499	1026500	1026501	1026502	1026503	1026504	1026505	1026507	1026510	1026511	1026512	1026513	1026514	1026516	1026517	1026518	1026519	1026520	1026521	1026522	1026526	1026527	1026530	1026551	1028410	1028421	1028429	1028430	1028431	1028434	1028720	1028721	1028722	1028724	1028725	1028727	1028728	1028730	1028731	1028733	1028735	1028736	1028737	1028741	1028742	1028743	1028745	1028746	1028755	1028757	1028758	1028759	1028762	1028763	1028765	1028768	1028769	1028770	1028775	1028778	1028779	1028780	1028782	1028785	1028787	1028789	1028791	1028794	1028795	1028797	1028798	1028800	1028803	1028804	1028805	1028806	1028808	1028809	1028813	1028814	1028815	1028816	1028817	1028821	1028824	1028826	1028827	1028829	1028830	1028833	1028834	1028838	1028839	1028841	1028842	1028843	1028883	1028904	1028906	1028909	1028916	1028917	1028918	1028919	1028921	1028923	1028924	1028925	1028926	1028927	1028929	1028930	1028931	1028932	1028933	1031065	1032146	1032149	1032150	1032170	1032172	1032188	1032195	1032197	1032203	1032217	1032218	1061487	1068762	1068841	1068842	1068846	1068866	1068867	1068868	1068872	
(9, 0)	9	27833	1003598	1004078	1004407	1012650	1012996	1012997	1012998	1013042	1013043	1013044	1013045	1013046	1013865	1013866	1013902	1013903	1013904	1013905	1014219	1014278	1014293	1019144	1019145	1026485	1026491	1026506	1026509	1026528	1028726	1032148	1032164	1032171	1032196	1032204	1032213	
(10, 1)	10	27945	28016	1003526	1003527	1003637	1003640	1004404	1009627	1009628	1009630	1009632	1009633	1009634	1009635	1009636	1011126	1011128	1011138	1011142	1011144	1011157	1011366	1012127	1012131	1012216	1013001	1013002	1013009	1013018	1013019	1013020	1013021	1013022	1013023	1013024	1013025	1013026	1013027	1013028	1013029	1013030	1013033	1013035	1013040	1013041	1013047	1013048	1013737	1013738	1013739	1013741	1013744	1013750	1013751	1013753	1013754	1013757	1013761	1013763	1013860	1013869	1013870	1013875	1013882	1013883	1013884	1013885	1013886	1013888	1013889	1013890	1013891	1013894	1013896	1013900	1013901	1013906	1013907	1014220	1014228	1014291	1014501	1014552	1014553	1014554	1014555	1014557	1014559	1015335	1015513	1015516	1023412	1025151	1025155	1025157	1025158	1025160	1025161	1025163	1025166	1025168	1025170	1025171	1025174	1025175	1025252	1025253	1026490	1026495	1026508	1028411	1028413	1028422	1028436	1028751	1028760	1028801	1028802	1028810	1028822	1028823	1028832	1028915	1032184	1032211	1032212	1068852	1068870	
(7, 5)	11	27995	27997	1005513	1011117	1011129	1011130	1011154	1011161	1012126	1012130	1014287	1014321	1014517	1014540	1014545	1014633	1015317	1016943	1016945	1016946	1016947	1018827	1018829	1018830	1018832	1025067	1025071	1026524	1026553	1028414	1028417	1028420	1028423	1028425	1028426	1028427	1028428	1028432	1028767	1028771	1028774	1028786	1028792	1028793	1028796	1028884	1028903	1028907	1028920	1032143	1032144	1032162	1032163	
(7, 0)	12	27996	27998	1010176	1010180	1010259	1010260	1010261	1010262	1011114	1011116	1011118	1011124	1011125	1011127	1011131	1011139	1011140	1011143	1011146	1011148	1011155	1011359	1011360	1011365	1011367	1011368	1012133	1012135	1012137	1014324	1014327	1014329	1014330	1014334	1014335	1014336	1014340	1014341	1014344	1014560	1015512	1015514	1015518	1015519	1015540	1016938	1016939	1016940	1016942	1018823	1018833	1023405	1026486	1026488	1026489	1026493	1028825	1028828	1028858	1028862	1028867	1028870	1028873	1028877	1028878	1028905	1028911	1028912	1028914	1032152	1032166	1032167	1032169	1032180	1032181	1032194	1032199	1032201	1032202	1033816	1068843	1068869	
(13, 9)	13	28006	1012810	1012852	1012855	1012881	1012886	1012906	1012910	1012918	1012934	1024946	1024956	
(14, 15)	14	28202	1010439	1026429	1027880	
(20, 10)	15	28208	1017014	1026328	1026334	1026943	1033368	
(18, 12)	16	28210	30782	31132	31506	1012592	1015867	1015868	1015869	1015874	1015876	1015877	1016781	1020381	1020382	1025766	1025771	1025772	1025774	1026044	1026056	1026326	1026336	1026350	1026403	1026496	1026626	1026701	1026705	1026945	1026946	1026954	1026956	1026957	1026958	1026959	1026961	1026963	1026980	1026981	1026982	1026990	1026993	1026994	1026998	1027000	1027001	1028396	1028401	1028719	1031157	1033376	1033398	1037548	1037549	1037559	1037563	1037571	1037575	1037577	1040859	1048413	1050112	1053016	1060756	1060757	1060758	1063662	
(13, 20)	17	28272	28697	28698	1003854	1028444	1028445	1028446	1028447	1028448	1028449	1028450	1050062	1055933	1059384	1062072	
(12, 7)	18	28303	1009274	1012039	1012052	1012057	1012651	1012652	1012847	1012848	1012849	1024934	1024937	1024944	1024961	1026643	1027087	1029500	1029541	1029542	1033779	1034078	1034081	1034082	1034084	1040773	1044873	1047480	1047482	
(19, 1)	19	28371	1002759	1004065	1005253	1005254	1005259	1005261	1005541	1005545	1005546	1010680	1010686	1010695	1010697	1010699	1010700	1012382	1012385	1012388	1012390	1012392	1012394	1012395	1012396	1012409	1012411	1012412	1012414	1012415	1012417	1012421	1013730	1013731	1032145	1032147	1032155	1032156	1032157	1032158	1032173	1032176	1032177	1032187	1032189	1032190	1032191	1032205	1032206	
(15, 10)	20	28432	31829	32255	1004377	1010251	1010254	1011179	1014661	1034089	1034090	1034091	1034092	1034093	1034094	1047484	1047485	1048611	
(13, 4)	21	28437	1004809	1006186	1007001	1007002	1007003	1007004	1007005	1007007	1010440	1015564	1015566	
(9, 19)	22	28443	1000324	1001085	1004275	1004828	1008615	1008617	1008619	1008620	1009275	1012237	1013826	1013827	1016679	1016682	1036697	
(10, 0)	23	28453	1005522	1010258	1011132	1011147	1014326	1014345	1015539	1018831	1023404	1023444	1023445	1023446	1023447	1023448	1025046	1028868	1032151	1032182	1032183	1032193	1032200	1032210	1068765	1068786	1068804	1068838	1068871	
(8, 1)	24	28454	1012125	1012136	1014338	1014342	1014630	1016944	1023403	1028869	1028885	1028892	1028893	1028895	1028900	1028901	1028910	1032168	1068792	
(11, 1)	25	28456	1007890	1010446	1014333	1014343	1014380	1014381	1015490	1025173	1026523	1026525	1026529	1028740	1028831	1028865	1028874	1028897	1032185	1043117	
(8, 4)	26	28457	28459	1014331	1014337	1014339	1014636	1023442	1028418	1028437	1028818	1028819	1028880	1028886	1028913	
(6, 1)	27	28546	1018289	1018297	
(9, 17)	28	28555	28557	31453	32200	1004076	1004186	1004187	1004188	1009598	1009652	1009797	1011034	1011035	1014373	1014374	1014662	1014663	1014664	1014665	1014666	1014875	1014876	1014877	1014878	1014879	1014880	1014881	1014882	1014883	1014884	1014885	1014886	1014887	1014888	1014889	1014890	1014891	1014892	1014893	1014894	1017497	1017498	1019173	1019174	1021421	1021422	1021423	1026428	1037503	1039836	1041942	1057301	
(12, 17)	29	28696	1004815	1004816	1004819	1004822	1014913	1018739	
(1, 9)	30	28864	28865	28866	28890	28891	28892	28893	28920	28922	28935	1005255	1005542	1008490	1008493	1008494	1008976	1008977	1008979	1009626	1009629	1009631	1012535	1013378	1014683	1014685	1014698	1014699	1018313	1018315	1018339	1018340	1018341	1018342	1025634	1025635	1025638	1025639	1025640	1025641	1032132	1037873	
(1, 8)	31	28867	28868	1005543	1005544	1007779	1007780	1010720	1010737	1010738	1010744	1012459	1012461	1012464	1012467	1012469	1012470	1012476	1012488	1012491	1012492	1012500	1012501	1012502	1012503	1012504	1012505	1012506	1012507	1012536	1012540	1012555	1012556	1012565	1012580	1012581	1013379	1013383	1013397	1013398	1013406	1013416	1013419	1013420	1013586	1013694	1013696	1013697	1013698	1013699	1013703	1018316	1025637	1026535	1026537	1026538	1026539	1026546	1026547	1026549	1032100	1032108	1032109	1032110	1032117	1032122	1032133	1032134	1032136	1037866	1037897	1037898	
(2, 7)	32	28871	28872	28873	28874	28875	28876	28877	28878	28880	28881	28882	28883	28885	28886	28898	28902	28903	28904	28905	28907	28908	28911	28912	28913	28915	28916	28918	28924	28925	28928	28930	28932	28934	28940	1005258	1005653	1010719	1012548	1012579	1012586	1013390	1013418	1014687	1014688	1014691	1014693	1014694	1014695	1014697	1014702	1014704	1014711	1014712	1018321	1018322	1018325	1018330	1018331	1018347	1018351	1018352	1018354	1018356	1018357	1018360	1018361	1018363	1018364	1024827	1025642	1025643	1025649	1025651	1025652	1025655	1025657	1025661	1025663	1025667	1025669	1025672	1025686	1025688	1025689	1025691	1025692	1025693	1025694	1025696	1025699	1025701	1025702	1025704	1025706	1025707	1025712	1025715	1031648	1031655	1031656	1031660	1031664	1032113	1032119	1032121	1032128	1033818	1037791	1037826	1037835	1037849	1037851	1037860	1037861	1037864	1037867	1037870	1037871	1037889	1037891	1037896	1050655	
(1, 7)	33	28894	1002230	1002912	1012458	1012538	1012539	1012541	1012542	1012543	1012544	1012545	1012546	1012547	1012549	1012550	1012557	1012558	1012559	1012560	1012561	1012562	1012563	1012564	1012566	1012567	1012568	1012569	1012570	1012571	1012572	1012573	1012574	1012575	1012576	1012577	1012578	1012582	1012583	1012584	1012587	1013381	1013382	1013384	1013385	1013386	1013387	1013388	1013389	1013391	1013392	1013399	1013400	1013401	1013402	1013403	1013404	1013405	1013407	1013408	1013409	1013410	1013411	1013412	1013413	1013414	1013415	1013417	1013421	1013422	1013423	1014700	1025646	1025647	1025650	1032116	1037810	
(0, 8)	34	28896	1014705	1018345	1025654	1025658	1025659	1025662	1025664	1025665	1025670	
(0, 7)	35	28897	28910	28926	28927	1014690	1014706	1018346	1018348	1025656	1025660	1025666	1025673	1025674	1025675	1025676	1025677	1025681	1025682	1032130	1032131	
(0, 10)	36	28900	28917	28929	1014692	1014707	1014708	1018366	1025678	1025679	1025680	1025684	1025685	1025710	1032106	1032107	1032115	1032120	
(6, 8)	37	28919	28933	1018368	1018811	1021425	1024831	1025695	1025698	1025708	1025709	1025711	1025714	1025716	1025717	1025718	1025719	1025720	1025721	1025723	1025724	1025725	1025726	1025727	1025730	1025731	1025733	1025734	1025735	1025736	1025739	1025740	1025741	1025742	1027795	1027797	1027825	1027826	1027828	1027829	1027849	1027850	1027851	1027853	1028404	1031647	1031649	1031650	1031651	1031652	1031653	1031657	1031658	1031659	1031661	1031662	1031663	1031665	1031666	1031667	1031668	1031669	1031670	1031671	1031672	1031673	1031674	1031675	1031676	1031677	1031678	1031679	1031680	1031681	1031682	1031683	1031684	1031685	1031686	1031687	1031688	1031692	1031693	1031695	1031696	1032102	1032103	1032105	1032112	1032114	1032125	1032126	1032127	1032129	1032252	1032253	1032254	1032257	1032258	1033819	1033820	1033821	1037800	1037801	1037811	1037812	1037813	1037818	1037820	1037825	1037827	1037852	1037857	1037880	1037899	1041308	1042282	1042285	1042286	1062373	1062375	1062376	1062377	1062379	1062380	1062381	1062383	
(4, 14)	38	28948	29107	29108	31087	1017016	1017574	1018255	1018256	1018265	1018651	1018652	1018653	1018654	1018655	1018656	1018657	1018658	1018659	1018660	1018661	1018662	1018663	1018664	1018665	1018666	1018667	1018668	1018669	1018670	1018671	1018672	1018673	1018674	1018675	1018676	1018677	1018678	1018680	1018681	1018682	1018683	1018684	1018685	1018686	1018797	1018798	1018799	1018820	1019087	1019166	1019167	1019508	1019509	1019510	1021424	1021426	1021427	1021428	1021429	1021430	1021431	1021432	1021433	1021434	1021435	1021436	1021437	1021499	1021511	1024838	1024864	1024865	1024866	1024867	1024970	1024972	1024973	1025630	1025631	1025632	1026042	1026278	1026579	1027068	1027125	1027127	1027155	1027168	1027169	1027173	1027178	1027179	1027182	1027183	1027184	1027185	1027195	1027206	1027208	1027209	1027210	1027212	1027213	1027215	1027218	1027219	1027222	1027224	1027227	1027228	1027229	1027233	1027234	1027236	1027239	1027242	1027243	1027247	1027251	1027254	1027255	1027256	1027258	1027259	1027260	1027262	1027264	1027266	1027267	1027269	1027270	1027275	1027281	1027285	1027429	1027434	1027457	1027464	1027466	1027500	1027505	1027509	1027511	1027522	1027526	1027530	1027533	1027536	1027538	1027552	1027560	1027571	1028033	1029422	1029666	1036644	1040106	1040107	1040404	1046929	1046949	1046956	1046962	1046968	1046969	1046971	1046972	1046974	1046990	1046994	1050022	1060142	1061486	
(15, 4)	39	28992	28993	1009903	1010435	1010436	1012748	1019498	1019499	1021733	1025176	1025186	1025187	1033798	1040225	1040232	1061984	1066754	1066756	
(10, 19)	40	29115	31028	31029	31030	31031	1008293	1011066	1014497	1028438	
(5, 19)	41	29566	31556	31925	1044183	1044184	1044185	1044186	1044187	1044654	1049874	1049875	1049876	1050661	1050663	1050901	1050902	1050903	1050904	1052961	1054534	1060773	1062541	1064132	1064313	1064314	1064315	1067549	
(17, 19)	42	29603	1024402	1024405	1024407	
(8, 13)	43	29690	31083	1027154	1027671	1027675	1027676	1027701	1027704	1027708	1027716	1027718	1027723	1027730	1027733	1027734	1027744	1027748	1027762	1027765	1027771	1027778	1027779	1028562	1028563	1031490	1031491	1031492	1032246	1033435	1033436	1040102	1040104	1040105	1040108	1046914	1046916	1046917	1046918	1046919	1046920	1046922	1046923	1046925	1046934	1046935	1046946	1046952	1046955	1046957	1046958	1046959	1046960	1046963	1046964	1046965	1046966	1046967	1046979	1046980	1046981	1046983	1046991	1046993	1050011	1050012	1050013	1050014	1050017	1050020	1050021	1050023	1050024	1068285	
(4, 17)	44	29709	1034086	1039741	1039742	1039744	1039847	1040662	1044188	1044189	1044315	1044317	1046006	1046007	1046008	1046118	1046119	1046120	1046335	1046336	1046337	1046338	1046339	1046340	1046341	1046342	1046343	1046344	1046345	1046346	1046347	1046348	1046349	1046350	1046351	1046352	1046353	1046354	1048435	1048436	1048640	1048641	1048643	1048649	1048939	1048940	1048941	1048942	1048944	1048946	1048947	1048948	1048950	1049282	1049283	1049284	1049832	1049833	1049834	1049836	1049837	1050657	1050658	1050659	1050660	1055498	1055499	1055500	1055501	1055502	1055503	1055504	1067586	
(1, 13)	45	29822	30124	30125	30126	1024390	1059401	1059402	
(9, 12)	46	29908	29917	31109	31133	31134	31135	31136	31137	31139	31141	31142	31143	31144	31145	31146	31147	31148	31149	31150	31151	31152	31158	31160	32102	32103	32104	32106	32147	32148	1041955	1042280	1042281	1044989	1045994	1046938	1048386	1048387	1050034	1050036	1050743	1052972	1060764	
(19, 13)	47	29919	29920	1037738	1041497	1047000	1049339	1049340	1050004	1053109	1053114	
(17, 18)	48	29921	29922	29923	29924	29925	1049341	1049342	1049343	1049344	1049345	
(3, 7)	49	29984	29985	29986	30170	1054718	1054721	1054954	1054955	1054956	1054957	1055448	1057559	1057560	1057562	1058425	
(5, 6)	50	30167	30168	30169	31673	1054720	1054722	1060385	1060386	1064347	1064348	1064398	1064402	1064407	1064410	1068849	1068860	
(3, 6)	51	30172	
(5, 10)	52	30175	31022	1031697	1042306	1043624	1043627	1043636	1054975	
(4, 9)	53	30177	30179	31021	31557	31616	31674	1041871	1041914	1041918	1042293	1042294	1042296	1042297	1042300	1042301	1042303	1042305	1043609	1043610	1043611	1043612	1043613	1043615	1043628	1043637	1050957	1050958	1050959	1050960	1050961	1050962	1050963	1050964	1050965	1050966	1050967	1050968	1050969	1050970	1050972	1050983	1050994	1050999	1051000	1051001	1051002	1054953	1062400	1062426	1062427	1062428	1062429	1062430	1062431	1062432	1062434	1062435	1062436	1062437	1062438	1062439	1062440	1062441	1062442	1064400	1064408	
(4, 8)	54	30178	30180	30183	33350	1031698	1031699	1031700	1031701	1041309	1043634	1048416	1048417	1048418	1050971	1050974	1050976	1050977	1050980	1050984	1050987	1050989	1050991	1050993	1050997	1054719	1054733	1054973	1054976	1054977	1054978	1054980	1055476	1055877	1055878	1055879	1056546	1056550	1056552	1056555	1056557	1056561	1056563	1057561	1057777	1057779	1057780	1057781	1058063	1058383	1058384	1058561	1058685	1058686	1058728	1058729	1058730	1058731	1058732	1058733	1058734	1058735	1058736	1058737	1058738	1060216	1060282	1060329	1060330	1060384	1062406	1062419	1062433	1064350	1064385	
(5, 8)	55	30181	30182	31672	33346	33347	1043633	1050975	1050985	
(7, 9)	56	30739	31527	31836	1050973	1050978	1050979	1050981	1050982	1050986	1050988	1050990	1050992	1050995	1050996	1050998	1052963	1054732	1054974	1054979	1055040	1059267	1064349	
(19, 20)	57	31110	31111	31113	31114	31115	31367	31369	31370	1023942	1023945	1023955	1023958	1042193	1042208	1042212	1042219	1047013	1047027	1047028	1047031	1047034	1047038	1050911	1052005	1052006	1052011	1052016	1052018	1052021	1052023	1052025	1052030	1052037	1060143	1061081	1061092	1061097	1061104	1066628	1066629	1066642	
(10, 15)	58	31116	31368	1042203	1042206	1042207	1042221	1042229	1047014	1047015	1047017	1047018	1047019	1047020	1047021	1047024	1047025	1047030	1047033	1047037	1047040	1050906	1050908	1052009	1052012	1052013	1052017	1052019	1052020	1052024	1052029	1052031	1052035	1052036	1061079	1061080	1061084	1061085	1061086	1061088	1061090	1061091	1061093	1061094	1061095	1061098	1061099	1061101	1061103	1065849	1065853	1065854	1065855	1065856	1065857	1065858	1065859	1065861	1066625	1066630	1066634	1066640	1066643	1066648	1066649	
(15, 16)	59	31122	31454	32117	32118	1018423	1018424	1018432	1018433	1018434	1018494	1018503	1018504	1019151	1021501	1024841	1026373	1026374	1026440	1026448	1028029	1028030	1028559	1028560	1031358	1031359	1031360	1031361	1031362	1036116	1036122	1036123	1036124	1036125	1036126	1036655	1036656	1036658	1036659	1036660	1036661	1036662	1036663	1036664	1036665	1036666	1036667	1036668	1036669	1036670	1036673	1036674	1036675	1036676	1036677	1036678	1036679	1036680	1036681	1036684	1036702	1036705	1036706	1037476	1037478	1037490	1037494	1037497	1037527	1039769	1039770	1039772	1039773	1039775	1039802	1039803	1039804	1039805	1039806	1039812	1039813	1039814	1039815	1039817	1039818	1039824	1039825	1039827	1039830	1039832	1039833	1050107	1062319	
(19, 11)	60	31123	32111	1025605	1026190	1026614	1026615	1026617	1026618	1026620	1026621	1026622	1026624	1026625	1026627	1026628	1026629	1026630	1026631	1026632	1026633	1026634	1026647	1026656	1026697	1026698	1026699	1026700	1026702	1026703	1026704	1026706	1026708	1026711	1026712	1026713	1026714	1026932	1026950	1027401	1027407	1027572	1029441	1048412	1050106	1059146	1059147	1059148	1059149	1059150	1059151	1059166	1059169	1059171	1059173	1059175	1059176	1059184	1059185	1059186	1059190	1059206	1059213	1059221	1059240	1060137	1062322	
(20, 11)	61	31124	1025773	1025782	1026636	1026951	1026997	1027320	1027340	1027343	1027424	1033381	1033382	1037587	1059179	1059181	
(16, 17)	62	31125	1036115	1036648	1036649	1036650	1036651	1036652	1036653	1036654	1036657	1036682	1036685	1036686	1062447	
(20, 15)	63	31126	1037586	1046996	1048406	1050111	1059271	1061801	1063390	1064565	
(19, 7)	64	31131	1029488	1029629	1031381	1037557	1037573	1037584	1046999	1053113	1061800	1063741	1063743	1063744	1064304	1068883	1068893	
(9, 11)	65	31138	31140	32101	1046360	1046361	1046926	1046927	1046936	1046939	1046940	1048385	
(18, 15)	66	31153	1026953	1060961	1060963	1060964	1060967	
(20, 12)	67	31154	1058857	1058858	1058883	1058884	1058895	1059154	1059155	1059156	1059157	1059246	1059247	1059248	1059250	1059447	1060136	
(19, 12)	68	31155	1061922	1061924	1061926	1068266	
(12, 14)	69	31159	1021696	1021698	1021699	1021700	1021701	1021702	1028696	1060743	1062448	
(10, 5)	70	31229	1003683	1003685	1003687	1003688	1003690	1003691	1003693	1003694	1005470	1018744	1020835	1021734	1024054	1027119	1046499	1047005	1054540	1054541	1054542	1054544	1054545	1054547	1054548	1054549	1054550	1054551	1057514	
(8, 20)	71	31239	1032233	1037457	1041492	1041494	1045801	1045802	1045803	
(10, 10)	72	31361	31363	
(6, 16)	73	31362	1031508	1031509	1032238	1044922	1044923	1044929	1044930	1044931	1044937	1050093	1050094	1058622	1058862	1058863	1058864	1058872	1058880	1058881	1058882	1058889	1058890	1058892	1058894	
(2, 10)	74	31614	
(5, 5)	75	31615	33348	33349	1054621	1055890	1055891	1055892	1055893	1057236	1057283	1057533	1057563	1057839	1057840	1057842	1057843	1057844	1057845	1057846	1057847	1057848	1057849	1057850	1058045	1058046	1058047	1058048	1058049	1058050	1058421	1058422	1058423	1058424	1058426	1060912	1060913	1060929	1063547	1064387	1064412	1065844	1068763	
(4, 7)	76	31671	1057237	1057238	1057239	1057782	1057841	1058427	1058428	
(2, 4)	77	31953	31954	1023398	1026268	1026271	1027083	1028288	1034155	
(2, 3)	78	31956	31957	31958	1009126	1009127	1009146	1009153	1009154	1024394	1024925	1024926	1024927	1024930	1024931	1027095	1027108	1028292	1048615	1048622	1048623	1048657	1050126	1059382	1059393	
(2, 5)	79	32038	32039	32040	32041	32042	32043	32044	32045	32046	1005726	1008374	1008375	1008376	1008929	1010327	1011050	1011051	1011064	1011065	1011078	1011079	1014669	1014725	1014912	1015584	1015866	1016692	1016765	1016766	1018303	1018429	1020836	1020837	1024842	1024843	1024844	1026255	1026256	1026257	1026450	1028558	1033983	1033984	1046116	1046117	1047486	1047487	1049360	1049361	1050127	1050128	1050129	1050130	1050131	1050132	1051627	
(7, 11)	80	32097	32098	32108	32110	1041496	1046945	1046947	1046951	1046953	1046954	1046961	1046975	1046982	1046986	1050025	1050026	1050031	1050032	1050033	1050035	1050041	
(8, 11)	81	32105	32109	1050027	1050028	1050030	1050037	1050038	1050039	1050040	1064309	1064310	
(20, 18)	82	32107	1031213	1052129	1052133	1052134	1052135	1052136	1052138	1052139	1052140	1052143	1052144	1052145	1052148	1052150	1052156	1052160	1052161	1052164	1055951	
(18, 14)	83	32119	32283	32286	1020923	1021510	1024817	1025584	1026359	1026638	1026639	1026640	1026641	1026642	1026648	1026657	1026659	1026660	1026759	1026760	1026761	1027011	1027287	1027291	1027304	1027313	1027318	1027319	1027359	1027412	1027421	1027547	1027576	1027638	1028686	1029424	1029487	1029491	1029492	1029494	1029495	1029496	1029621	1029633	1031364	1031365	1031366	1031367	1031369	1031371	1031372	1031374	1031375	1031379	1031380	1031382	1031384	1031385	1031386	1031387	1031388	1031390	1031392	1031393	1031402	1031403	1031404	1031422	1031429	1031430	1031431	1031432	1031484	1031486	1033400	1033401	1033778	1037459	1037579	1037580	1037583	1037585	1037588	1039009	1040775	1040860	1040864	1045995	1046440	1046441	1047001	1048156	1052968	1052969	1052970	1052971	1053108	1060777	1060781	1060782	1060783	1062371	1063740	1063746	1064320	1064322	1066822	
(11, 14)	84	32133	32135	1009147	1009156	1011375	1024386	1031497	1039218	1040252	1040254	1040255	1040256	1040257	1040258	1040259	1040260	1040261	1040262	1040263	1040264	1055944	1060135	
(12, 13)	85	32134	32136	32256	1024410	1031499	1040253	1040742	1040743	1040744	1040745	1040746	1040747	1042232	1050848	1057906	1057907	
(3, 16)	86	32146	1002669	1002670	1002672	1002821	1002822	1002823	1002824	1002903	1002904	1002985	1002986	1002987	1002988	1002989	1002990	1003082	1003083	1003341	1003428	1003430	1004820	1004823	1011032	1011133	1011456	1011461	1011462	1014960	1016690	1018740	1026562	1027075	
(4, 1)	87	32150	32198	1014902	1016685	1018441	1029568	1029574	1029575	1029576	1029577	1029583	1029585	1031216	1031217	1031232	1031234	1031240	1031243	1031245	1031250	1050109	1057910	
(3, 0)	88	32151	1008497	1009128	1010149	1010158	1014733	1014898	1014899	1014903	1014904	1015788	1018435	1018439	1024396	1024907	1026043	1028106	1029578	1029579	1029580	1029581	1029582	1029584	1029586	1031218	1031219	1031220	1031221	1031223	1031227	1031228	1031229	1031230	1031231	1031233	1031235	1031236	1031238	1031239	1031241	1031242	1031246	1031247	1044977	1048656	1048659	1048661	1049985	1050108	1057909	1057912	1061366	
(0, 2)	89	32175	32176	32177	1032082	1032612	1033788	1065904	1065905	
(3, 2)	90	32184	32185	32186	1031215	1031224	1031225	1031226	1031237	1031244	1031248	1031249	1048610	1048626	1048627	1048628	1048636	1048639	1049261	1049270	1049979	1049981	1049986	1050008	1050060	1050071	
(12, 15)	91	32199	1005191	1005192	1024397	1024398	1024409	1024413	1024414	1024425	1024427	1048608	1050104	
(19, 10)	92	32284	32288	1012593	1018246	1018449	1024823	1026327	1026952	1026972	1026973	1026974	1026975	1026976	1026977	1026978	1026979	1026985	1026988	1026992	1026995	1026999	1027004	1027007	1027016	1027080	1027081	1027408	1027410	1027411	1027934	1029632	1031401	1031405	1031424	1031425	1031426	1031427	1031428	1033380	1033384	1037552	1037558	1040778	1048407	1059270	1063664	1068886	1068895	
(19, 9)	93	32285	1016097	1024820	1025767	1025768	1025775	1025776	1026343	1026960	1026964	1026983	1026984	1026987	1026989	1027006	1027008	1038052	1048415	1049866	1059269	1059272	1059273	1060761	1060762	1060763	
(19, 14)	94	32287	1019120	1020921	1020922	1020924	1020925	1024818	1024859	1024860	1024861	1024863	1026662	1027344	1027349	1027351	1027402	1027403	1027404	1027413	1027414	1027415	1027420	1027425	1029489	1031383	1031389	1031391	1031394	1031395	1031396	1031397	1031398	1031399	1031400	1031412	1031413	1031414	1031415	1031416	1031417	1031418	1031419	1031420	1031421	1031423	1031433	1037569	1037572	1037734	1046905	1046906	1048408	1048409	1048411	1053111	1060776	
(16, 6)	95	32308	1009838	1010019	1012740	1012741	1012742	1012743	1012744	1012745	1012746	1012747	1012749	1012751	1012754	1012756	1019500	1025044	1025049	1025090	1025091	1025092	1025093	1025094	1025095	1025096	1025097	1025234	1026265	1027911	1027912	1033791	1033795	1033796	1033797	1040222	1040223	1040224	1040226	1040227	1040229	1040230	1040231	1040233	1040234	1040235	1040236	1040237	1040239	1040240	1040241	1040242	1040243	1040246	1040247	1040248	1040249	1040250	1048277	1048278	1048280	1048281	1048282	1048289	1048291	1064938	1064941	1064942	1064947	1064948	1064949	1066734	1066735	1066737	1066738	1066739	1066743	1066744	1066745	1066746	1066747	1066748	1066749	1066750	1066758	1066759	1066760	1066761	1066762	1066767	1066774	1066775	1066776	1066778	1066782	1066790	1066791	1066792	1066796	1066797	1066798	1066799	1066800	1066801	1066802	
(14, 11)	96	32346	32347	1014941	1018443	1018446	1018452	1018456	1018457	1027948	1029149	1031481	1031482	1031483	1048607	1048616	1059431	1059432	1061811	1063376	1066624	1066646	
(12, 20)	97	1000325	1002786	1002787	1002931	1002932	1002934	1002956	1003105	1003106	1003107	1003108	1003459	1003461	1003463	1003464	1003465	1003466	1005817	1026294	
(15, 13)	98	1001233	1008823	1014157	1029423	1033390	1033391	
(17, 0)	99	1001408	1003093	1010682	1010689	1012362	1012363	1012364	1012365	1012366	1012367	1012368	1012369	1012370	1012371	1012372	1012373	1012374	1012375	1012376	1012377	1012418	1012442	1013707	1013708	1013709	1013712	1013713	1013714	1014167	
(4, 10)	100	1002229	1002380	1012319	1012332	1012462	1012463	1012485	1012486	1012489	1012490	1012493	1012494	1013689	1013691	1013692	1013695	1013700	1013701	1013702	1026536	1032101	1032111	1032138	1032139	
(2, 8)	101	1002260	1002627	1002735	1002890	1003056	1003058	1003059	1003060	1003061	1003062	1003063	1003300	1003735	1003738	1003741	1003858	1010387	1011659	1011674	1011677	1011678	1011681	1011682	1012443	1012444	1012445	1012446	1012447	1012448	1012449	1012451	1012452	1012454	1012455	1012456	1012457	1012460	1012474	1012481	1012484	1012508	1013669	1013674	1013675	1013676	1013677	1013678	1013679	1013680	1013681	1013682	1013683	1013684	1013685	1013686	1013687	1026534	1032123	1032137	
(4, 2)	102	1002659	1014895	1014897	1014900	1014901	1014961	1021484	1031222	
(10, 20)	103	1002668	1007333	1007337	1007363	1007395	1007396	1010253	1011458	1011459	1019107	1020855	1020856	1027072	1034718	
(11, 20)	104	1002671	1003338	1003339	1003340	
(2, 11)	105	1002731	1002732	1002887	1003053	1003054	1003055	1003404	1003406	1003407	1003734	1011652	1011653	1011656	1011657	
(5, 11)	106	1002763	1002884	1002885	1003051	1003052	1010379	1010380	1010381	1010396	1010402	1010407	1010408	1010409	1010413	1010414	1010415	1010416	1010423	1010429	1010430	1011643	1011644	1011645	1011646	1011648	1011649	1011671	1011672	1011673	1012424	1012425	1012428	1012429	1012430	1012434	1012435	1012436	1012437	1012438	1012439	1012440	1012450	1012453	1013653	1013654	1013655	1013656	1013657	1013658	1013659	1013660	1013661	1013662	1013663	1013664	1013665	1013666	1013667	1013668	1013670	1013671	1013672	1013673	1013688	
(11, 5)	107	1002834	1003000	
(9, 2)	108	1002949	1011510	1011511	1011512	1011513	
(9, 20)	109	1002955	1003460	1003462	
(11, 2)	110	1002967	1025000	1025149	1025237	
(12, 2)	111	1003006	1010444	1010445	1011579	1012269	1016708	1025136	1025239	1025272	1025273	1025274	1025275	1025276	1025277	1031524	1036698	
(18, 0)	112	1003094	1003095	
(17, 6)	113	1003122	1009828	1025185	1025190	1025191	1025192	1025196	1025226	1025227	1025229	1025230	1040217	1040218	1040219	1040220	1040238	
(0, 17)	114	1003531	1024399	1026904	1026905	1026906	1026918	1026919	1026920	1026921	1026922	1032632	1048617	1055935	1059385	
(17, 4)	115	1003792	1009883	1009897	1009941	1009947	1010027	1025138	1025240	1025242	1025243	1025244	1025245	1025246	1055926	1066755	
(19, 2)	116	1003877	1010683	1010688	1010692	1010701	1010702	1012383	1012384	1012386	1012387	1012389	1012391	1012393	1012402	1012410	1012416	1013725	1013726	1013727	1013728	1013729	1013734	1026531	1026532	1026533	1026540	1026541	1026542	1026543	1026544	1026545	1026580	
(1, 11)	117	1003976	1013104	1013110	1013125	1013201	1013289	1013295	1013296	1013300	1013301	1013302	1013303	1013304	1013623	1013624	1013627	1013628	1013629	1013630	1013631	1013632	1013633	1013634	1013635	1013636	1013637	1013638	1013639	1013640	1013641	1013642	1013643	1013644	1013645	1013646	1013647	1013648	1013649	1013650	1013651	1013652	1013706	1019318	1024825	
(19, 19)	118	1004352	1004354	1004355	1004356	1004359	1004360	1004361	1004362	1004363	1004365	1010658	1010659	1015217	1015218	1015219	1015222	1015575	1019110	1039011	
(19, 18)	119	1004353	1004358	1029613	
(18, 18)	120	1004357	1020380	1050046	1050047	1050048	1050049	1050050	1050051	1050053	1050054	1050055	1050056	1061802	
(20, 19)	121	1004364	1017010	1028398	1028399	1045478	
(8, 7)	122	1004400	1008706	1011145	1011159	1013755	1015515	1026555	1068802	
(9, 18)	123	1004812	1004813	1004814	1004817	1004818	1004821	1004824	1004825	1012606	1021513	1031480	
(12, 5)	124	1005181	1024411	1024840	1048618	
(3, 3)	125	1005186	1005194	1005195	1005196	1010255	1018462	1048613	1055936	1059396	1059397	1059404	1063654	
(10, 8)	126	1005187	1014479	1024401	1024403	1024404	1024406	1024416	1024417	1024421	1044450	1044569	
(0, 3)	127	1005193	1010249	1032603	1032617	1033784	1033785	1033786	1033787	1047022	1047029	1048624	1048625	1048630	1048632	1048633	1048634	1048635	1048638	1049260	1049262	1049265	1049269	1049273	1049274	1049275	1049966	1049969	1049973	1049976	1049977	1049978	1049980	1049983	1065907	
(20, 9)	128	1005462	1005463	1005465	1005467	1005468	1005469	1047010	
(17, 8)	129	1005464	1005466	1016710	1025759	1025763	1026325	1026347	1026353	1026938	1026939	1028393	1028397	1060747	1060748	1060755	
(17, 9)	130	1005654	1007323	1007340	1007341	1007342	1007366	1059469	
(13, 8)	131	1006303	1012040	1012041	1012042	1012043	1012044	1012045	1012046	1012047	1012048	1012049	1012050	1012051	1012053	1016709	1029544	
(16, 2)	132	1006920	1009988	1010020	1021732	1025236	
(0, 13)	133	1007015	
(2, 15)	134	1007017	1007018	1007027	1007031	1007041	
(0, 15)	135	1007030	1065827	1065828	1065829	1065830	1065831	1065832	1065833	1065834	1065835	1065836	1065837	1065838	1065839	1065840	1065841	1065842	1065843	
(0, 12)	136	1007314	1007315	1014165	1018808	1027861	
(6, 3)	137	1007903	1010447	1012239	1013050	1015517	1032154	1032219	1033790	
(9, 6)	138	1008262	1008275	1012129	1012134	1012224	1013036	1013897	1014243	1015330	1033806	
(2, 1)	139	1009129	
(18, 17)	140	1009516	1011762	1011763	1011765	
(17, 3)	141	1009664	1010441	1010442	1010443	1012752	1012753	
(12, 4)	142	1009822	1009887	1009892	1009901	1009943	1009953	1010016	
(11, 3)	143	1009835	1009899	1009910	1009935	1009945	1009958	1009966	1009986	1009999	1010025	
(12, 3)	144	1009836	1009851	1009859	1009876	1009878	1009886	1009902	1009906	1009955	1009970	1010004	1010006	1010008	1010010	1010014	
(13, 3)	145	1009855	1009932	1009957	1014166	1021595	
(15, 5)	146	1009905	1011496	1011497	1011506	1011507	1011508	1011509	1011516	1011517	1011528	1011529	1024990	1024991	1025005	1025006	1025007	1025008	1025009	1025013	1025018	1025019	
(20, 7)	147	1010082	1010083	1010084	1015881	1016767	1017012	1017013	1017015	1025761	1026935	1026936	1026940	1026942	1026955	1026962	1037560	1048410	
(10, 12)	148	1010157	1011373	1011374	1012055	1014962	1018464	1044872	
(0, 5)	149	1010250	1014660	1028290	1034157	1044161	1044162	
(11, 13)	150	1010252	1011603	1012019	1012020	1012021	1012025	1012026	1012033	1012034	1012035	1012036	1012038	1012054	1012056	1012789	1012790	1012791	1012792	1012793	1012794	1012796	1012797	1012798	1012799	1012800	1012803	1012804	1012814	1012838	1012842	1012843	1012846	1016082	
(11, 19)	151	1010270	1022194	1022195	1022196	
(18, 13)	152	1010331	1012591	1024819	1025233	1025764	1025769	1025770	1025777	1026332	1026333	1026342	1027013	1060751	1060752	1060754	1060760	
(3, 11)	153	1010536	1010538	1010539	1010540	1010541	1012603	1025052	1025066	1025068	1025069	1025070	1025125	1025231	1025284	1025286	1025287	1025288	
(19, 0)	154	1010678	1010679	1010681	1010685	1010691	1010694	1010696	1012378	1012379	1012380	1012381	1012419	1012420	1013715	1013716	1013717	1013718	1013719	1013720	1013721	1013722	1013723	1013724	
(20, 1)	155	1010684	1010687	1010690	1010693	1010698	1032174	1032175	1032214	
(2, 9)	156	1010728	1012342	1012465	1012466	1012487	1026548	
(4, 15)	157	1011029	1011030	1011031	1016935	1016936	1020932	1020933	1020934	1049287	
(8, 6)	158	1011364	1012111	1012252	1013012	1013878	1014174	1014254	1014499	1014558	1025248	1028811	1028840	1028902	1032153	
(15, 20)	159	1011423	1024412	1024418	1026135	1026140	1044173	1044444	1059403	1066623	
(16, 20)	160	1011424	1011426	1011427	1011613	1011614	1011615	1011616	1011617	1045424	1045425	1045426	1045427	
(15, 2)	161	1011498	1011499	1011518	1011519	1011520	1011530	1011531	1011532	1011533	
(14, 2)	162	1011504	1011524	1011525	1011535	1011536	
(7, 16)	163	1011538	1014646	1018454	1019171	1019172	1026427	1026439	1026581	1026582	1034148	1039219	1039808	1045484	
(8, 18)	164	1011539	1011540	1011541	1011542	1011543	1011544	1025045	1031479	1057299	1057302	1057303	1057304	
(18, 19)	165	1011619	1011620	1011621	
(14, 14)	166	1011742	1012767	1012768	1012769	1012770	1012971	1012987	1012988	1017018	1017019	1017476	1018259	1018305	1018306	1024849	1024850	1024851	1026163	1026167	1026171	1036121	1037475	1037477	1037479	1037483	1037486	1037488	1037492	1037493	1037495	1037500	1037502	1037504	1037506	1039807	1039810	1039811	1039829	1059239	
(20, 13)	167	1011767	1011768	1018738	1018771	1024821	1025787	1026329	1026344	1026352	1027002	1037566	1050005	1050007	1059161	1059164	
(12, 10)	168	1012022	1012023	1012024	1012058	1012801	1012806	1012839	1012840	1012844	1012887	1012889	1012895	
(13, 7)	169	1012027	1012028	1012029	1012030	1012031	1012032	1012795	1012802	1012821	1012845	1012854	1012862	1024940	1024941	1024943	
(8, 0)	170	1012120	1012990	1012995	1013864	1013910	1014236	1014277	1014285	1014928	1014930	1014931	1014932	1015031	1015336	1028738	1028739	1028748	1028761	1028799	1032186	1068830	1068831	1068832	1068833	
(8, 5)	171	1012128	1012132	1014328	1016941	1028820	1028896	1068771	1068873	
(7, 7)	172	1012221	1014514	1028723	1028744	1028747	1028749	1028750	1028752	1028753	1028756	1028764	1028766	1028776	1028777	1028783	1028784	1028788	1028928	
(9, 3)	173	1012245	
(13, 2)	174	1012247	1026554	
(4, 11)	175	1012325	1012471	1012472	1012473	1012475	1012477	1012478	1012479	1012480	1012482	1012483	1012495	1012496	1012497	1012498	1012499	1013693	
(20, 0)	176	1012397	1012398	1012399	1012401	1012403	1012404	1012405	1012406	1012407	1012408	1012413	
(8, 16)	177	1012524	1012525	1020935	1021714	1021728	1029461	1029462	1029463	1029477	1065846	1065847	
(1, 10)	178	1012537	1012551	1012552	1012553	1012554	1013380	1013393	1013394	1013395	1013396	
(14, 3)	179	1012646	1012647	1014606	
(1, 12)	180	1012649	1013626	1014926	1025931	1025932	
(16, 3)	181	1012750	1012755	1025269	1040228	1064935	1064936	1064937	1064943	1064944	1064954	1064955	
(14, 6)	182	1012805	1012807	1012809	1012811	1012813	1012815	1012816	1012817	1012818	1012819	1012820	1012836	1012837	1012841	1012850	1012851	1012857	1012876	1012877	1012890	1012892	1012894	1012896	1012897	1012898	1012899	1012901	1012902	1012903	1012904	1012905	1012907	1012908	1016081	1024947	1024955	
(13, 6)	183	1012808	1012832	1012833	1012853	1012858	1012859	1012864	1012865	1012869	1012872	1012917	1012935	1012937	1012939	1047483	
(12, 8)	184	1012812	1012856	1024959	1024965	1029503	1034073	1034076	1034077	1041495	1044886	1047481	
(14, 9)	185	1012822	1012823	1012824	1012825	1012827	1012828	1012829	1012830	1012831	1012912	1012925	1012926	1012927	1012928	1012930	1012931	1012938	1012940	1012941	
(14, 8)	186	1012826	1012929	1018444	1024932	1024935	1024936	1024938	1024942	1024949	1024950	1024952	1024953	1024958	1024966	
(13, 10)	187	1012834	1012835	1012860	1012861	1012863	1012866	1012867	1012868	1012870	1012871	1012873	1012874	1012875	1012909	1012911	1012913	1012914	1012915	1012916	1012919	1012920	1012921	1012922	1012923	1012924	1012932	1012933	1012936	
(13, 5)	188	1012878	1012879	1012880	1012882	1012883	1012884	1012885	1012888	1012891	1012893	1012900	
(0, 11)	189	1013118	1018261	1018262	1018263	1018281	1018282	1018283	1018284	1018285	1018286	1018287	1018288	1018290	1018291	1018292	1018293	1018755	1045485	1060744	
(4, 13)	190	1013447	1013448	1013449	1013450	1024868	1024869	1027248	1027250	1027577	1027581	1027602	1037746	1037749	1046985	
(18, 1)	191	1013704	1013705	1013710	1013711	
(20, 2)	192	1013732	1013733	1013735	1013736	1032142	1032159	1032215	1032216	
(13, 18)	193	1013973	
(1, 5)	194	1013982	1018445	1024921	1024922	1024923	1024924	1026269	1026270	1027088	1032637	
(13, 13)	195	1014161	1044875	1044877	1044878	1044879	1044880	1044881	1044884	1044885	1054039	1054042	
(3, 20)	196	1014162	1018252	1024388	1024392	1024393	1026923	1026924	1026925	1026926	1026927	1028002	1028003	1041363	1041365	1049271	1049968	1049970	1049972	
(11, 17)	197	1014498	1055927	1055928	1055929	1055930	1055931	1055938	1055939	
(8, 17)	198	1014645	1025444	1037480	1037481	1037482	1037484	1037485	1037487	1037489	1037491	1037496	1037498	1037499	1037501	1037505	1037507	1045483	
(18, 20)	199	1014720	1015477	1016694	1021451	1021452	1021453	1021454	1021455	1021456	1021457	1021458	1021460	1021462	1021463	1021464	1021466	1021467	1021468	1021469	1021470	1021471	1021472	1021488	
(0, 19)	200	1014732	1026915	1048631	1059381	
(1, 2)	201	1014734	1048629	1049266	1049267	1049268	1049967	1049971	1049975	1049982	1049987	1050065	1055941	1055942	1055943	1059391	1059392	1059400	1063439	
(12, 0)	202	1014753	1026137	
(8, 19)	203	1014858	1020857	1020858	1020859	1029587	1057300	
(5, 1)	204	1014896	
(14, 17)	205	1014907	1014908	1014909	1014910	1014911	1027946	1027947	1031518	1042048	1049877	1050059	1055946	1064311	
(12, 18)	206	1014914	1024081	
(6, 19)	207	1014915	1014916	1014958	1019175	1026254	1026574	1031153	1031154	1031505	1032221	1032222	1032223	1032224	1032225	1032226	1032227	1032228	1032229	1032230	
(15, 8)	208	1015215	1024939	1024962	1028026	1029543	1034079	1034080	1034083	1044882	1044883	
(10, 18)	209	1015466	1015472	
(8, 8)	210	1015577	
(16, 12)	211	1015871	1016768	1016769	1016780	1024822	1025760	1026354	1026934	1048414	
(16, 13)	212	1015873	1015875	1025754	1025755	1025758	1026937	
(12, 12)	213	1016687	1016688	
(13, 19)	214	1016787	1016788	1016791	
(13, 14)	215	1017011	1018448	1018450	
(1, 14)	216	1017523	1027368	1027624	1027625	1037545	1037546	1037689	1046976	1046977	1046978	1046992	1048609	1054535	1054536	1062334	1062335	1063648	
(10, 3)	217	1018294	1018295	1018296	1018298	1018299	1028732	
(17, 2)	218	1018300	1018301	1025040	1025113	1026424	1026425	1064939	1064945	1064952	1064953	
(14, 20)	219	1018307	1018308	1018309	1018310	1018311	1018312	1020986	1049984	
(13, 17)	220	1018395	1019177	1019506	1021590	1027120	1027122	1027152	1037460	1037461	1037462	1037463	1037464	1037465	1037466	1039823	1045480	1045481	1049871	1049872	
(15, 17)	221	1018425	1018463	1018501	1025397	1025398	1025399	1025402	1025403	1025404	1025405	1025406	1026375	1026376	1026377	1026378	1036700	1036701	1036703	1036704	1039745	1039768	1039774	1039786	1066727	1066728	1066729	
(12, 16)	222	1018430	1021673	1021674	1021675	1021676	
(11, 16)	223	1018431	1021668	1021670	1021671	1021677	1021678	1021679	1021683	1024837	1028381	1028382	1028383	1028384	1028385	1028386	1028387	1028388	
(9, 16)	224	1018447	1019176	1029530	1045482	
(13, 16)	225	1018453	
(2, 6)	226	1018460	1044165	1044166	1044168	
(14, 7)	227	1018749	1018750	1024933	1024948	1024951	1024954	1024957	1024960	1024964	1024967	1024968	1024969	1044874	
(11, 7)	228	1018751	1024945	1024963	1029486	1029538	1029539	1029540	1034074	1034075	1037901	1037902	
(9, 1)	229	1018821	1021419	1026371	1027792	1027816	1027821	1027823	1028700	1028835	1031333	1031334	1033801	1033803	1033804	1033805	1037705	1037706	1041336	1044181	1046470	1046474	1063618	1068761	1068769	1068775	1068776	1068778	1068785	1068793	1068798	1068810	1068844	1068845	1068847	1068865	
(4, 4)	230	1018822	1027824	1028836	1032198	1042284	1043114	1043115	1068759	1068782	1068825	
(8, 2)	231	1018825	1018828	
(2, 12)	232	1019147	1026561	
(12, 1)	233	1019149	
(20, 5)	234	1021491	1021492	1021493	1021494	1021495	1021496	1036614	1040764	1050061	
(20, 4)	235	1021497	1021498	1024415	1024420	1024428	1024430	
(7, 20)	236	1021659	1021660	1024058	1026142	1026191	1026192	1026193	1026194	1026195	1026196	1026197	1026198	1026199	1026200	1026201	1026202	1026203	1026204	1026205	1026206	1026207	1026208	1026209	1026210	1026211	1026212	1026213	1026214	1026215	1026217	1026218	1026219	1026220	1026221	1026222	1026223	1026224	1028087	1028088	1028089	1028090	1028091	1028092	1028093	1028094	1028095	1028096	1028097	1028098	1028099	1028100	1028101	1028102	1028103	1028104	1028105	1036615	1036616	1036617	1036618	1036639	1037913	
(3, 18)	237	1021661	1024060	1024061	1026216	1026314	1031335	1031336	1031337	1031338	1031345	1031355	1031442	1031444	1032231	1032234	1032239	1032240	1034709	1034710	
(12, 19)	238	1021694	1021695	1027873	1027874	
(8, 15)	239	1021710	1029459	1029476	1029519	1036527	1036528	1036529	1036530	1036532	1036534	1036535	1036536	1036538	1036539	1036540	1036541	1036543	1036544	1036545	1036546	1036547	1036548	1036549	1036550	1036551	1036553	1036554	1036555	1036556	1036557	1036559	1036560	1036561	1036562	1036563	1036564	1036565	1036567	1036568	1036569	1036570	1036571	1037593	
(10, 17)	240	1021717	1021719	1031363	1031514	1031516	1031517	1034146	1034147	1034150	1039220	1040216	1040861	1046500	
(7, 1)	241	1023414	1028845	1028847	1028852	1032208	
(20, 20)	242	1023961	1023965	1029523	1029528	1029532	1047012	1061089	1061096	1061100	1061102	
(7, 4)	243	1024080	1068835	1068836	1068840	
(15, 12)	244	1024387	
(1, 15)	245	1024389	1027069	1041362	1044516	1055937	
(16, 19)	246	1024391	1026136	
(2, 19)	247	1024429	1050786	
(7, 2)	248	1024830	1028837	1032140	1068766	1068777	
(5, 16)	249	1024839	1026361	1026564	1026565	1026600	1026601	1026604	1026605	1026606	1026607	1026609	1026644	1026739	1026740	1026741	1026742	1026743	1027103	1027866	1027867	1029508	1029509	1029510	1029511	1029512	1029513	1029514	1029536	1029537	1031339	1031347	1031348	1031349	1031350	1031351	1031352	1031510	1031511	1031512	1031513	1032232	1033789	1034088	1034163	1034720	1034721	1037654	1037655	1039571	1040768	1040769	1041491	1041493	1045804	1046689	1046690	1049869	1060765	1060769	1060771	
(0, 20)	250	1024870	1024871	1024872	1024873	1026591	1026592	1026593	1026594	1026596	1026597	1026598	1026599	1026649	1026651	1026652	1026655	1026661	1026664	1026665	1026666	1026678	1026679	1026680	1026682	1026683	1026685	1026686	1026687	1026688	1026690	1026694	1026696	1026715	1026716	1026717	1026718	1026720	1026721	1026722	1026723	1026724	1026725	1026726	1026727	1026728	1026729	1026730	1026731	1026732	1026733	1026734	1026737	1026738	1026763	1026764	1026765	1026766	1026767	1026768	1026769	1026770	1026771	1026772	1026773	1026774	1026775	1026776	1026777	1026778	1026779	1026780	1026785	1026895	1028005	1028007	1032083	1032607	1032615	1032616	1032619	1032620	1032624	1032626	1032627	1040658	1059387	1059388	1059390	1059425	
(0, 1)	251	1024928	1024929	
(17, 1)	252	1024974	1024975	1024977	1024979	1024980	1024981	1024982	1024983	
(17, 7)	253	1024993	1025206	
(16, 1)	254	1024995	1025020	1025079	1025086	1025087	1025089	1025254	1025256	1025257	1025258	1027909	1027910	
(3, 10)	255	1024997	1025033	1025034	1025035	1025036	1025037	1025038	1025039	1025047	1025048	1025051	1025072	1025100	1025101	1025102	1025103	1025105	1025106	1025107	1025114	1025115	1025116	1025117	1025118	1025119	1025120	1025121	1025122	1025123	1025126	1025128	1025129	1025130	1025131	1025132	1025133	1025134	1025135	1025137	1025139	1025140	1025141	1025142	1025143	1025144	1025145	1025146	1025198	1025202	1025203	1025204	1025205	1025223	1025224	1025225	1025263	1025264	1025267	1025268	1025282	1025283	1025289	1025408	
(17, 5)	256	1025023	1025024	1025025	1025028	1025029	1025200	1025208	1025220	1025221	1025222	1025247	
(18, 3)	257	1025031	1025210	1025211	1025212	1025213	1025214	1025216	1025217	1025228	1057965	
(8, 3)	258	1025050	1025110	1025111	
(6, 0)	259	1025057	1025058	1025059	1025060	1025063	1025065	
(9, 7)	260	1025073	1025074	1025075	1025077	1025080	1025081	1025082	1025083	1025084	
(7, 8)	261	1025108	1025109	1026556	
(15, 3)	262	1025147	1025148	
(10, 2)	263	1025162	
(16, 7)	264	1025177	1025178	1025179	1025180	1025181	1025182	1025183	1025184	1025278	1025279	1025280	1025281	1040244	1040245	1052965	1063653	1066741	1066742	1066751	1066752	1066753	1066785	
(11, 0)	265	1025188	
(15, 15)	266	1025400	1025401	1027879	1036117	1036118	1036119	1036120	1036671	1036672	1036683	1039777	1039781	1039783	1039784	1039785	1047006	1047007	1047008	1047009	
(18, 10)	267	1025414	1059183	1059187	1059188	1059210	1059211	1059215	1059217	1059218	1059219	1059220	
(2, 17)	268	1025585	1026569	1026571	1026572	1026573	1026578	1026603	1026611	1026612	1026782	1026783	1026784	1026786	1026787	1027078	1027079	1028027	1028028	1028031	1028107	1028108	1031342	1031343	1031344	1031346	1031353	1031354	1031357	1032235	1032236	1034719	1037589	1037590	1039791	1039840	1049870	1056820	1056821	1056822	1056823	1056824	1056825	1056826	1056827	1056828	1056829	1059243	1059429	1067587	
(4, 18)	269	1025592	1025593	1025594	1025595	1025596	1025597	1025598	1025599	1026575	1026576	1026577	1031504	1031506	1031507	1031703	1032237	1034149	1037653	1040862	1058861	1067548	
(12, 6)	270	1025606	1027086	1027092	
(0, 9)	271	1025732	1027810	1027818	1027852	1031654	1032104	1032118	1037843	1062374	1062378	1062382	1062411	1062421	
(19, 8)	272	1025765	1025783	1025784	1025785	1025786	1025788	1026330	1026349	1026941	1060749	1060750	
(6, 14)	273	1026070	1026308	1027361	1027362	1027364	1027365	1027366	1027369	1027370	1027371	1027372	1027374	1027375	1027376	1027377	1027379	1027380	1027382	1027383	1027384	1027385	1027386	1027387	1027388	1027389	1027390	1027394	1027395	1027397	1027400	1027662	1027680	1027681	1063593	
(15, 19)	274	1026134	1026139	1032606	1032621	1034072	1040661	1042579	1044170	1044171	1044172	1044174	1044175	1044176	1045428	1045429	1045430	1045431	1045432	1045433	1045434	1045435	1063372	1064537	1064538	1064539	
(13, 1)	275	1026138	1026141	
(16, 16)	276	1026379	1026380	1026381	1026382	1026383	
(1, 20)	277	1026426	1029480	1029481	1029482	1063380	1063381	1063382	1063383	1063384	1063385	1063386	
(13, 15)	278	1026430	1039809	
(19, 6)	279	1026497	1032618	1032625	1044459	1048275	1050063	1050067	1062446	
(6, 2)	280	1026557	
(14, 4)	281	1026559	1026560	
(20, 14)	282	1026637	1026707	1026709	1026947	1027423	1031406	1031407	1031408	1031409	1031410	1031411	1037564	
(2, 20)	283	1026669	1026671	1026672	1026673	1026674	1026675	1026676	1026744	1026747	1026748	1026749	1026750	1026752	1026753	1026756	1026757	1026758	1057033	
(3, 14)	284	1026677	1027579	1027582	1027592	1027593	1027594	1027601	1027604	1027614	1027615	1027619	1037745	
(0, 18)	285	1026907	1026908	1026909	1026910	1026912	1026913	1026914	1059389	
(18, 9)	286	1026933	1028400	1036109	1036110	1036111	1036112	1036113	1036114	
(16, 11)	287	1026948	1026949	
(19, 15)	288	1026965	1026966	1029490	1029497	1029616	1029617	1029618	1029619	1029620	1029622	1029623	1029624	1029625	1029626	1029627	1029628	1029630	1029631	1029634	1029635	1031373	1031376	1031377	1031378	1031572	1037576	1037578	1037582	1037735	1037736	1037737	1037739	1037740	1037741	1037742	1040863	1041366	1045459	1046997	1047002	1047003	1047004	1060775	1063739	1064316	1064317	1064319	
(0, 0)	289	1027090	1028289	1040251	1046874	1051004	
(11, 8)	290	1027096	1058868	1058869	1058870	1058871	
(7, 13)	291	1027156	1027157	1027158	1027161	1027162	1027163	1027165	1027166	1027170	1027171	1027202	1027203	1027271	1027273	1027276	1027277	1027280	1027282	1027447	1027450	1027452	1027454	1027455	1027517	1027527	1027565	1027566	1027640	1027641	1027642	1027643	1027645	1027646	1027647	1027648	1027649	1027650	1027651	1027652	1027653	1027656	1027661	1027682	1027683	1027684	1027685	1027686	1027687	1027688	1027689	1027690	1027691	1027692	1027693	1027694	1027695	1027696	1027697	1027698	1027699	1027703	1027714	1027724	1027725	1027726	1027727	1027732	1027735	1027736	1027787	1046948	1046950	1046973	
(6, 13)	292	1027196	1027198	1027199	1027200	1027279	1027431	1027432	1027435	1027436	1027438	1027439	1027440	1027442	1027443	1027449	1027453	1027456	1027459	1027460	1027461	1027467	1027468	1027471	1027472	1027473	1027478	1027479	1027481	1027483	1027484	1027485	1027486	1027488	1027489	1027490	1027491	1027492	1027496	1027497	1027504	1027512	1027513	1027518	1027519	1027520	1027523	1027524	1027532	1027540	1027543	1027544	1027546	1027548	1027554	1027555	1027557	1027558	1027559	1027562	1027564	1027567	1027568	1027569	1027570	1027663	1027664	1027665	1027666	1027737	1027738	1027739	1027740	1027741	1027742	1027743	1027750	1027752	1027753	1046912	1046921	1046924	1046928	1046930	1046931	1046932	1046933	1046937	1046942	1046943	1046944	
(17, 11)	293	1027299	1027327	1027333	1027335	1037581	
(18, 8)	294	1027321	
(17, 14)	295	1027347	1027356	1029493	1031368	1033399	1039008	1047477	1047478	
(8, 12)	296	1027430	1027487	1027754	1027758	1027759	
(5, 13)	297	1027437	1027458	1027474	1027499	1027503	1027506	1027507	1027508	1027529	1027537	1027553	1027561	1027563	
(5, 14)	298	1027654	1027658	1027660	1027670	1027672	1027673	1027712	1027717	1027719	1027721	1027722	1027731	
(8, 14)	299	1027756	1027757	1040101	1040103	
(5, 3)	300	1027789	1027790	1027791	1027793	1027794	1027799	1027800	1027801	1027807	1027809	1027817	1027822	1027840	1027841	1027842	1027843	1027844	1027845	1027846	1027847	1027848	1042291	1042292	1046464	1046478	1063622	1068800	1068806	1068807	1068817	1068829	1068851	
(5, 9)	301	1027811	1027827	1031689	1031690	1042287	1042288	1042289	1052661	1062384	1062385	1062386	1062387	1062388	1062389	1062390	1062391	1062392	1062393	1062394	1062395	1062396	1062397	1062398	1062399	1062401	1062402	1062403	1062404	1062405	1062407	1062408	1062409	1062410	1062412	1062413	1062414	1062415	1062416	1062417	1062418	1062420	1062422	1062423	1062424	1062425	1063629	
(11, 11)	302	1027950	1029498	1029499	1057908	1061912	1061921	1061928	
(7, 6)	303	1028419	
(0, 6)	304	1028546	1034151	1040748	1040749	1040750	1044169	1047479	
(7, 3)	305	1028846	1028853	1032141	1032160	1032161	1032165	1032178	1032179	1032192	1032207	1032209	
(6, 6)	306	1028860	1028861	
(11, 10)	307	1029501	1029502	1029504	1029505	1029506	1029507	1058856	1058859	1058866	1058885	1058888	1059178	1059180	1059192	1059193	1059195	1059197	1059208	1059209	1059223	1059224	1059225	1059226	1059227	1059229	1059230	1059231	1059232	1059233	1059234	1059235	1059236	1059237	1059238	1059241	1059251	1059252	1059253	1059254	
(1, 0)	308	1029564	1029565	1029566	1029567	
(2, 0)	309	1029569	1029570	1029571	1029572	1029573	
(2, 13)	310	1031149	1037533	1037534	1037535	1037536	1037537	1037538	1037539	1037540	1037744	
(3, 17)	311	1031198	1031199	1031340	1031341	1031356	1034087	1040759	1040760	1040762	1044182	1045452	1045453	1045461	1046691	1060768	1060772	
(17, 20)	312	1031521	1044740	1045436	1045437	1045438	1045439	1045440	1045441	1045442	1045443	1045444	1045445	1045446	1045447	1045448	1045449	1045450	1045451	
(3, 8)	313	1031691	1031694	
(2, 14)	314	1031702	1037532	1037542	1037543	1055934	1055940	1059383	
(0, 4)	315	1032084	1032601	1032608	1032611	1032613	1032614	1032622	1032629	1032630	1058886	1058887	1058891	1059201	1059202	1059203	1059204	1059245	1059249	1059394	1059395	1059398	1059399	1059408	1059411	1059412	1059413	1059414	1059415	1059416	1059417	1059418	1059419	1059422	1059427	1061087	1062445	1065912	1065913	1068268	
(4, 0)	316	1032602	1032605	1032628	1049264	1052004	1061082	1061367	1061368	1061369	1061370	1066636	1066644	
(1, 1)	317	1032604	1042216	1048637	1062372	
(3, 1)	318	1032623	1050072	1050817	1050819	1050820	1050822	1050825	1050827	1050828	1050830	1050837	1050838	1050839	1050842	1050845	1050846	1050847	1050850	1050851	1050854	1050855	1055947	1055948	1055949	1055950	1065899	1065900	1065902	1065906	1065908	1065909	1065910	1065911	
(17, 16)	319	1032638	1032639	
(6, 4)	320	1033800	1037707	1037708	1037709	1043112	1043113	1044179	1046476	1046498	1068827	
(15, 0)	321	1033802	1043116	1043617	1044178	1046471	1046472	1046473	1046475	1068764	1068824	1068839	1068848	1068853	
(6, 20)	322	1034047	1034049	1034055	1034056	1034057	1034058	1034060	1036696	
(5, 20)	323	1034048	1034050	1034051	1034052	1034053	1034054	1036694	1036695	
(14, 12)	324	1034161	
(17, 10)	325	1036576	1050133	
(7, 19)	326	1036619	1036620	1036621	1036622	1036623	1036624	1036625	1036626	1036627	1036628	1036629	1036630	1036631	1036632	1036633	1036634	1036635	1036636	1036637	1036638	1037914	
(1, 16)	327	1037544	1049878	1049879	1055945	1056309	1056310	1063649	1063650	
(18, 7)	328	1037562	1068884	
(7, 14)	329	1037748	1046984	
(6, 9)	330	1037793	1037794	1037795	1037797	1037846	1037847	1037888	1057778	1060876	1064386	
(6, 10)	331	1037819	1037822	1037823	1037824	
(7, 18)	332	1039570	1040780	1042407	1044742	1059268	1064323	1066726	
(16, 15)	333	1039789	1039790	1044299	1059448	
(6, 18)	334	1039845	1044927	1044928	1044932	1044933	1044934	1044935	1044936	
(5, 17)	335	1040659	1040660	1040708	1040709	1040710	1040711	1046355	1048642	1048644	1048645	1048647	1048945	1048949	1048951	1048952	1048953	1048954	1048955	1048956	1048957	1048958	1048959	1048960	1048961	1048962	1048963	1049281	1049838	1049839	1055953	1055955	1062536	1062537	1062538	1062539	1062540	1062542	1063321	1063322	1063323	1063324	1064339	
(18, 11)	336	1040776	1053112	1063389	1063742	1064564	1068888	
(6, 17)	337	1040865	1067550	
(5, 4)	338	1041304	1041305	1041307	1041919	1042298	1043622	1046460	1046461	1046462	1046463	1046465	1046466	1046467	1046468	1046477	1046479	1046480	1046481	1046482	1046484	1046485	1046486	1046487	1046488	1046489	1046490	1046491	1046492	1046493	1046494	1046495	1046496	1046497	1048424	1068758	1068783	1068788	1068790	1068797	1068799	1068812	1068813	1068815	1068820	1068821	1068822	1068823	1068828	1068854	1068855	1068856	1068863	1068864	
(14, 0)	339	1041306	1041318	1041320	1041322	1041324	1041327	1041330	1041339	1041873	1043616	1046483	1068768	1068773	1068781	1068784	1068787	1068796	1068805	1068808	1068850	1068857	1068858	
(6, 5)	340	1041314	1041315	1041316	1041321	1041325	1041332	1041333	1041334	1041340	1041913	1041924	1043606	1043607	1043618	1043619	1043620	1068767	1068770	1068772	1068774	1068779	1068780	1068789	1068791	1068794	1068795	1068801	1068803	1068809	1068811	1068814	1068818	1068819	1068826	1068859	1068862	
(1, 18)	341	1041364	
(11, 18)	342	1041941	1041953	
(0, 14)	343	1042198	1042231	1050833	1050844	1050878	1052960	1065898	1065903	1066641	1066645	1067547	
(0, 16)	344	1042224	1042225	
(7, 12)	345	1043118	1046970	1048766	
(14, 16)	346	1044295	1044302	
(11, 12)	347	1044876	1061929	
(11, 6)	348	1046023	1048619	
(5, 18)	349	1046688	1065889	1065890	1066809	1066810	1066811	1066812	1066813	1066814	1066815	1066816	1066817	1066818	1066819	1066820	1067104	1067551	1067552	1067554	1067557	
(6, 12)	350	1046913	1046915	1046989	
(5, 12)	351	1046941	
(3, 13)	352	1046987	1046988	
(17, 12)	353	1046998	1052966	1052967	1053110	1053115	1053116	1053117	1063387	1063388	1063434	1063435	1063436	1064318	1064321	1068885	1068887	1068889	1068890	1068891	1068894	1068896	
(9, 15)	354	1047023	1047026	1047032	1047036	1047039	1050907	1052008	1052028	1065860	1065862	
(10, 13)	355	1047035	1050824	1057901	1057902	1057903	1057904	1057905	1060134	1062462	1062463	
(2, 2)	356	1047471	1047472	1047473	1047474	1047475	1048650	
(16, 4)	357	1048284	1048285	1061985	1061986	1066771	1066772	1066773	1066788	1066789	1066793	
(16, 18)	358	1048614	1048652	1048653	1048654	1048658	1049263	1049974	1050064	1059386	1066627	1066633	1066639	
(3, 4)	359	1048660	
(9, 9)	360	1049298	
(4, 16)	361	1049950	1049952	1049956	1049960	1049961	1049965	
(18, 4)	362	1050070	
(10, 16)	363	1050909	1050910	1065850	1065851	1065852	
(3, 5)	364	1051628	1051629	1051630	1051631	1051632	1051633	1051634	1051635	1051636	
(19, 17)	365	1052131	1052132	1052137	1052141	1052146	1052147	1052149	1052151	1052152	1052153	1052154	1052155	1052157	1052158	1052162	1052163	1052165	1052166	1052167	
(12, 11)	366	1054040	1054041	
(14, 18)	367	1055932	1060950	1060954	1060955	1060956	1063440	1065901	1068712	1068713	1068714	
(20, 8)	368	1058855	1058860	1058873	1058874	1058875	1058876	1058877	1058878	1058879	
(11, 9)	369	1059153	1059191	1059194	1059198	1059199	1059244	1059430	1062328	
(10, 11)	370	1059242	
(19, 5)	371	1059405	1059406	1059407	1059409	1059410	1059420	1059421	1059423	1059424	1059426	1059428	
(17, 17)	372	1060150	1060151	1060152	
(19, 16)	373	1061914	
(10, 9)	374	1061916	1061918	
(17, 13)	375	1061917	1061920	1061923	1063745	1064562	1064563	
(12, 9)	376	1061919	1062323	
(7, 17)	377	1061925	1061927	1067553	1068265	
(15, 14)	378	1061930	1061931	1061933	1062325	1062330	1062331	1062332	1065887	1065888	1066805	1066806	1066807	1066808	
(20, 17)	379	1062443	
(4, 19)	380	1064312	1064414	1064415	1064416	1064417	1064418	1064419	1064420	1064421	1064422	1064423	1064424	1064425	
(16, 5)	381	1064940	1064946	1064950	1064951	1064956	1066732	1066795	
(1, 19)	382	1066621	1066622	1066631	1066638	
(15, 11)	383	1066632	1066637	1066647	
(15, 6)	384	1066763	1066764	1066765	1066766	1066821	
(16, 14)	385	1067101	1067102	1067103	1067105	
(9, 4)	386	1068760	1068816	1068834	1068837	
(13, 0)	387	1068861	
